components/ui/textarea.tsx
  s_0bc950d3e3cd9b::t_c246635568a161 1,5-9,11,14,20
  s_0bc950d3e3cd9b::t_ad6d187493bb25 10
app/(app)/ecards/page.tsx
  s_0bc950d3e3cd9b::t_c246635568a161 84,443
  s_0bc950d3e3cd9b::t_95b961e0068460 26,28,520
  s_0bc950d3e3cd9b::t_600c830542e6eb 511,565,568,583,642,682,694,734
app/icon0.svg
  s_0bc950d3e3cd9b::t_95b961e0068460 1-9,11-28
  s_0bc950d3e3cd9b::t_5fc319a982566c 10
components/ProductCard.tsx
  s_0bc950d3e3cd9b::t_c246635568a161 8
  s_0bc950d3e3cd9b::t_5ff142d87ea59e 48,59
app/(app)/debug-auth/route.ts
  s_0bc950d3e3cd9b::t_5fc319a982566c 29,36
convex/migration.ts
  s_0bc950d3e3cd9b::t_5fc319a982566c 192-193,205,210
convex/onboarding.ts
  s_0bc950d3e3cd9b::t_5fc319a982566c 144-145,150
emails/ContactConfirmationEmail.tsx
  s_0bc950d3e3cd9b::t_5fc319a982566c 17
convex/products.ts
  s_0bc950d3e3cd9b::t_95b961e0068460 46-48,51,54-56,58
app/(app)/onboarding/admin/page.tsx
  s_0bc950d3e3cd9b::t_5fc319a982566c 325-338,340-351,354,357,359,361-362,364-369
  s_0bc950d3e3cd9b::t_c246635568a161 145,162
  s_0bc950d3e3cd9b::t_329de23521b39f 62,193,206,225,254,297,339,353,360
app/api/send-ecard-emails/route.ts
  s_0bc950d3e3cd9b::t_f8348efcbb66f0 16
  s_0bc950d3e3cd9b::t_c246635568a161 43
  s_0bc950d3e3cd9b::t_ad6d187493bb25 178
components/ui/input.tsx
  s_0bc950d3e3cd9b::t_ad6d187493bb25 11
  s_0bc950d3e3cd9b::t_c246635568a161 1,5-10,12-14,16-21
  s_0bc950d3e3cd9b::t_cf192bc1f9908e 15
app/(app)/onboarding/page.tsx
  s_0bc950d3e3cd9b::t_5fc319a982566c 91,112,152-153
  s_0bc950d3e3cd9b::t_a9d49ea0144f98 455,524
components/layout/Header.tsx
  s_0bc950d3e3cd9b::t_c246635568a161 199
  s_0bc950d3e3cd9b::t_f215d74c05156b 271,501
tsconfig.json
  s_0bc950d3e3cd9b::t_0f2ed5297f1e63 3
emails/EcardPurchaseAdminEmail.tsx
  s_0bc950d3e3cd9b::t_5fc319a982566c 29
app/api/create-cart-checkout/route.ts
  s_0bc950d3e3cd9b::t_f8348efcbb66f0 11,65
components/layout/Footer.tsx
  s_0bc950d3e3cd9b::t_13f3357f925cc7 2,114,123
app/api/create-checkout-session/route.ts
  s_0bc950d3e3cd9b::t_f8348efcbb66f0 12,65
app/(app)/login/page.tsx
  s_0bc950d3e3cd9b::t_5fc319a982566c 119
  s_0bc950d3e3cd9b::t_b5687ca2266809 187,275
sentry.edge.config.ts
  s_0bc950d3e3cd9b::t_f8348efcbb66f0 14-26
app/sitemap.ts
  s_0bc950d3e3cd9b::t_c246635568a161 131,150
emails/ContactFormEmail.tsx
  s_0bc950d3e3cd9b::t_5fc319a982566c 28
emails/EcardPurchaseUserEmail.tsx
  s_0bc950d3e3cd9b::t_5fc319a982566c 27
app/api/revalidate/sanity/route.ts
  s_0bc950d3e3cd9b::t_ad6d187493bb25 21
app/api/webhooks/sight-ai/route.ts
  s_0bc950d3e3cd9b::t_ad6d187493bb25 492
docs/plans/class-registration.md
  s_0bc950d3e3cd9b::t_1208ac429b1501 1-297
postcss.config.js
  s_0bc950d3e3cd9b::t_13f3357f925cc7 3
components/ui/checkbox.tsx
  s_0bc950d3e3cd9b::t_c246635568a161 5,9-13,15,18,30
  s_0bc950d3e3cd9b::t_ad6d187493bb25 14
docs/plans/package-upgrade-notes.md
  s_0bc950d3e3cd9b::t_ec6b8dd2b56ea0 100-108
  s_0bc950d3e3cd9b::t_885a3cc88bcf73 1-99
components/ContactForm.tsx
  s_0bc950d3e3cd9b::t_95b961e0068460 306
  s_0bc950d3e3cd9b::t_c246635568a161 77
  s_0bc950d3e3cd9b::t_d16d6e12573b3e 101,106,111
docs/plans/cloud-agent-handoff.md
  s_0bc950d3e3cd9b::t_885a3cc88bcf73 1-33
convex/seoContent.ts
  s_0bc950d3e3cd9b::t_5fc319a982566c 951,1128-1129,1144,1171-1172,1187
components/ui/radio-group.tsx
  s_0bc950d3e3cd9b::t_c246635568a161 5,9-13,15,21,24-28,30,33,43
  s_0bc950d3e3cd9b::t_ad6d187493bb25 14,29
instrumentation-client.ts
  s_0bc950d3e3cd9b::t_f8348efcbb66f0 53-65
  s_0bc950d3e3cd9b::t_95b961e0068460 11
app/api/alignment-interest/route.ts
  s_0bc950d3e3cd9b::t_13f3357f925cc7 19
sentry.server.config.ts
  s_0bc950d3e3cd9b::t_f8348efcbb66f0 13-25
app/api/notion/instructor-resources/route.ts
  s_0bc950d3e3cd9b::t_c246635568a161 141,182
public/apollo-tracker-init.js
  s_0bc950d3e3cd9b::t_5fc319a982566c 4
app/api/get-stripe-prices/route.ts
  s_0bc950d3e3cd9b::t_f8348efcbb66f0 12
  s_0bc950d3e3cd9b::t_c246635568a161 74,85
app/(app)/admin/seo-content/page.tsx
  s_0bc950d3e3cd9b::t_c246635568a161 55
  s_0bc950d3e3cd9b::t_95b961e0068460 38
  s_0bc950d3e3cd9b::t_ad887beef760c8 178,252
components/AlignmentInterestForm.tsx
  s_0bc950d3e3cd9b::t_c246635568a161 162
  s_0bc950d3e3cd9b::t_97473591681a3a 412
biome.jsonc
  s_0bc950d3e3cd9b::t_95b961e0068460 3-7
  s_0bc950d3e3cd9b::t_e88a980e01fc63 28-32
  s_0bc950d3e3cd9b::t_e83bfaa4893ae9 8-15,19-27
lib/posthog.ts
  s_0bc950d3e3cd9b::t_95b961e0068460 2
components/ClassPageLayout.tsx
  s_0bc950d3e3cd9b::t_95b961e0068460 95
  s_0bc950d3e3cd9b::t_4ac4c43ead018c 44,77
convex/notifications.ts
  s_0bc950d3e3cd9b::t_5fc319a982566c 6,15
  s_0bc950d3e3cd9b::t_c246635568a161 106,110
package.json
  s_0bc950d3e3cd9b::t_95b961e0068460 7,9-11,74-77
  s_0bc950d3e3cd9b::t_3ed987e41b6689 16-28,30-35,38-54,56,59,61-73
  s_0bc950d3e3cd9b::t_c9d6d38566e5c1 14
  s_0bc950d3e3cd9b::t_206d953369956e 60
components/ui/ChamberBadge.tsx
  s_0bc950d3e3cd9b::t_c246635568a161 39
components/ui/label.tsx
  s_0bc950d3e3cd9b::t_ad6d187493bb25 19
  s_0bc950d3e3cd9b::t_c246635568a161 5,13-18,20,26
app/(marketing)/resources/[slug]/page.tsx
  s_0bc950d3e3cd9b::t_c246635568a161 31
app/globals.css
  s_0bc950d3e3cd9b::t_9ee8554b518012 4-7,9-11,13-20,22-24,26-28,30-32,34-36,39-42,44-46,48-50,53,118
  s_0bc950d3e3cd9b::t_13f3357f925cc7 1-2
app/(app)/admin/instructors/alert-messages.tsx
  s_0bc950d3e3cd9b::t_bb8e32c701f1fe 11,21
app/(app)/admin/instructors/confirm-dialog.tsx
  s_0bc950d3e3cd9b::t_91606275b26cf2 21,30,37
app/(app)/layout.tsx
  s_0bc950d3e3cd9b::t_1fa58c93ed3f1e 32
app/(app)/my-account/page.tsx
  s_0bc950d3e3cd9b::t_5d731c6ba6f286 48,164
app/(marketing)/about/page.tsx
  s_0bc950d3e3cd9b::t_3cfd6303a8520b 85,87
app/(marketing)/aeds/page.tsx
  s_0bc950d3e3cd9b::t_6ed542f8738ce0 99,101,182
app/(marketing)/blog/page.tsx
  s_0bc950d3e3cd9b::t_779fa94d2d23fb 155
app/(marketing)/contact/page.tsx
  s_0bc950d3e3cd9b::t_0f72fe31d5f636 95,97,126
app/(marketing)/corporate-training/page.tsx
  s_0bc950d3e3cd9b::t_af5d6f80103755 105,107,598
app/(marketing)/layout.tsx
  s_0bc950d3e3cd9b::t_55f28329081f76 19
app/(marketing)/lifeguarding-instructor-trainer/page.tsx
  s_0bc950d3e3cd9b::t_2f08cadc823a82 142
app/(marketing)/resources/page.tsx
  s_0bc950d3e3cd9b::t_7ba62611e22640 169,241,248,256
bun.lock
  s_0bc950d3e3cd9b::t_563b3a4d6030c9 8,10-22,24-29,32-48,50,53-67,76,80,82,86,88,90,96,106,108,112,114,116,124,126,128,130,132,134,136,138,140,142,144,146,148,150,152,154,156,158,160,162,166,168,170,172,176,178,180,182,184,186,188,190,192,194,196,198,200,202,204,206,208,210,212,214,216,218,220,222,224,226,228,230,232,234,236,238,240,242,244,246,248,250,252,254,256,258,260,262,264,266,268,270,272,274,276,278,280,282,284,286,288,292,294,296,304,306,308,310,312,314,316,318,320,322,332,334,394,396,398,400,402,404,406,410,412,420,422,426,432,434,436,438,440,442,444,446,448,450,452,454,456,458,460,462,464,466,468,470,472,474,476,478,480,482,486,488,490,494-496,498,500,502,504,506,508,510,512,514,516,518,520,522,524,526,528,530,532,534,536,538,540,542,544,546-550,586,598,600,602,604,606,608,610,612,614,616,618,620,622,624,626,628,630,632,634,636,638,640,642-644,680,684,686,688,690,692,694,696,698,700,702,704,706,708,710,712,714,716,718,720,722,724,726,728,730,732,734,736,738,740,742,744,746,748,750,752,754,756,758,760,762,764,766,768,770,772,774,776,778,780,782,784,786,788,790,792,794,796,806-810,812,814,816,818,820,822,824,826,828,830,832,834,836,838,840,844,846-850,856,860,864,866,870,882,890,892,894,896,914,916,920-921,928,934-936,938,940,942,944,946,948,950,952,954,956,958,960,962,964,966,968,970,972,974,976,978,980,982-986,988-1010,1016-1026,1028,1030,1032,1034,1036,1038,1040,1042,1044,1046,1048,1050,1052,1054,1056,1058,1060,1062,1064,1066,1068,1070,1074,1076,1078,1080,1082,1084,1086,1088,1090,1092,1096,1098,1102,1104,1108,1110,1112,1114,1116,1120,1122,1124,1126,1128,1130,1132,1134,1138,1140,1142-1144,1150-1152,1154,1156,1158,1160,1162,1164,1166,1170-1171,1174,1176,1178,1180,1182,1184,1186,1188,1190,1192,1194,1196,1198,1200,1202,1204,1206,1208,1210,1212,1214,1216,1218,1220,1222,1224,1226,1228,1230,1232,1234,1236,1238,1240,1242,1244,1246,1248,1250,1252,1254,1256,1270,1272,1278,1282,1284,1290,1292,1294,1296,1298,1300,1302,1304,1306,1308,1310,1312,1314,1316,1318,1320,1322,1324,1326,1328,1330,1332,1334,1336,1338,1340,1342,1344,1356,1358,1362,1366,1370,1382,1384,1386,1388,1392-1394,1398,1408,1424,1426,1436,1442,1458,1480,1484,1486,1500-1501,1518,1524-1526,1532,1534,1536,1542,1546,1566,1568,1572,1576,1580-1581,1610,1622,1626-1628,1636,1638,1642,1650,1654-1657,1666,1676,1692,1694,1696,1708-1709,1734,1738,1740,1742,1744,1748,1750,1758,1762,1774,1776,1778,1786,1788,1790,1802,1812,1816,1818,1822-1823,1828,1834,1836,1848,1862,1866,1904,1912,1914,1916,1918,1920,1924,1926,1936-1937,1954,1958,1960,1962,1964,1966,1968,1970,1972,1974,1976,1978,1980,1982,1986-1990,1992,1994,1996-2010,2012,2024-2025,2034,2038,2040,2044,2056,2074,2080,2160,2166,2174,2176,2178,2180-2182,2194,2198,2200,2202,2204,2212,2222,2232,2234,2236,2238,2250,2256,2260,2262,2282-2284,2286,2292,2294,2300,2302,2306,2308,2312,2316,2334,2342,2350,2356,2358,2360,2366,2368,2370,2372,2380,2386,2410,2412,2416-2417,2422,2424,2442,2446,2454-2456,2466,2474-2475,2478-2479,2502,2504,2510,2512,2518,2524-2526,2528,2532,2542-2543,2550,2552,2556,2558,2560,2570,2572,2574,2576,2580,2582,2590,2598-2602,2604,2606,2608,2610,2636,2644,2652,2656,2662,2668,2674,2676,2678,2680,2682,2684,2688,2694,2698,2700,2708,2714,2722,2724,2728,2730,2732,2734,2736,2738,2740-2744,2748-2751,2756-2757,2760-2761,2764-2772,2774-2820,2824-2860,2862,2864,2866-2938,2942,2944,2946,2948,2950,2952-2960,2962-2992,2996,2998,3000,3002,3004,3006-3054,3056,3058,3060,3062,3064,3066,3068,3070,3072-3136,3140,3142,3144,3146,3148,3150,3152,3154,3156,3162,3164,3166,3168,3170,3172,3174,3176,3178,3180-3182,3184-3188,3192-3194,3198-3202,3204,3206-3208,3212,3216-3236,3238,3240,3242,3244,3246,3248-3252,3256-3258,3264,3270-3271,3280-3283,3286-3288,3290-3292,3298-3299,3306,3308,3310,3312,3318-3319,3322,3324,3326,3328,3330-3332,3336,3338,3340,3342,3344,3346,3348,3350,3352-3356,3358-3370,3374-3375,3382,3384,3388,3390,3392,3394,3396,3398,3410,3412,3414,3420,3422,3426,3428,3430,3434,3436,3438,3440,3442,3444,3446,3448,3450,3452,3454,3456,3458,3460,3462,3464,3466,3468,3470,3472,3474,3476,3478,3480,3482,3484,3486,3488,3490,3492,3494,3496,3498,3500,3502,3504,3506,3508,3510,3512,3514,3516,3518,3520,3522,3524,3526,3528,3530,3532,3534,3536,3538,3540,3542,3544,3546,3548,3550,3552,3554,3556,3558,3560,3562,3564,3566,3568,3570,3572,3574,3576,3578,3580,3582,3584,3586,3588,3590,3592,3594,3596,3598,3600,3602,3604,3606,3608,3610,3612,3614,3616,3618,3620,3622,3624,3626,3628,3630,3632,3634,3636,3638,3640,3642,3644,3646,3648,3650,3652,3654,3656,3658,3660,3662,3664,3666,3668,3670,3672,3674,3676,3678,3680,3682,3684,3686,3688,3690,3692,3694,3696,3698,3700,3702,3704,3706,3708,3710,3712,3714,3716,3718,3720,3722,3724,3726,3728,3730,3732,3734,3736,3738,3740,3742,3744,3746,3748,3750,3752,3754,3756,3758,3760,3762,3764,3766,3768,3770,3772,3774,3776,3778,3780,3782,3784,3786,3788,3790,3792,3794,3796,3798,3800,3802,3804,3806,3808,3810,3812,3814,3816,3818,3820,3822,3824,3826,3828,3830,3832,3834,3836,3838,3840,3842,3844,3846,3848,3850,3852,3854,3856,3858,3860,3862,3864,3866,3868,3870,3872,3874,3876,3878,3880,3882,3884,3886,3888,3890,3892,3894,3896,3898,3900,3902,3904,3906,3908,3910,3912,3914,3916,3918,3920,3922,3924,3926,3928,3930,3932,3934,3936,3938,3940,3942,3944,3946,3948,3950-3952,3954,3956,3958,3960,3962,3964,3966,3968,3970,3972,3974,3976,3978,3980,3982,3984,3986,3988,3990,3992,3994,3996,3998,4000,4002,4004,4006,4008,4010,4012,4014,4016,4018,4020,4022,4024,4026,4028,4030,4032,4034,4036,4038,4040,4042,4044,4046,4048,4050,4052,4054,4056,4058,4060,4062,4064,4066,4068,4070,4072,4074,4076,4078,4080,4082,4084,4086,4088,4090,4092,4094,4096,4112,4114,4116,4118,4124,4126,4130,4132,4136,4138,4142,4144,4148,4150,4154,4158,4160,4164,4172,4174,4178,4180,4184,4186,4190,4192,4196,4198,4202,4206,4208,4212
components/AlignmentPageContent.tsx
  s_0bc950d3e3cd9b::t_7774d75dfdcd85 20-21,31,54,66,103
components/home/TestimonialsSection.tsx
  s_0bc950d3e3cd9b::t_1a01abbb3e9731 73
components/layout/MarketingHeader.tsx
  s_0bc950d3e3cd9b::t_718f6b09c036ce 205,382
components/mdx/EmbedComponents.tsx
  s_0bc950d3e3cd9b::t_3daec07b693ae7 127
components/ui/Button.tsx
  s_0bc950d3e3cd9b::t_76c77e06dfac91 33,39
next-env.d.ts
  s_0bc950d3e3cd9b::t_3d3520e252c962 4
---
{
  "schema_version": "authorship/3.0.0",
  "git_ai_version": "1.7.4",
  "base_commit_sha": "9be7c86ec0b0944dc036a686c85e20ce85d23684",
  "prompts": {},
  "sessions": {
    "s_0bc950d3e3cd9b": {
      "agent_id": {
        "tool": "codex",
        "id": "01a1034b-94a5-7981-bc72-40475df470b8",
        "model": "gpt-6-astra"
      },
      "human_author": "Evan Taylor <eltaylor1104@gmail.com>"
    }
  }
}